AKSKATE    # stock 
BSAI       # region     (AI AK BOG BSAI EBS GOA SEO WCWYK)
2020       # ASSESS_YEAR - year assessment is presented to the SSC 
3a         # TIER  (1a 1b 2a 2b 3a 3b 4 5 6) 
none       # TIER2  if mixed (none 1a 1b 2a 2b 3a 3b 4 5 6) 
full	   # UPDATE (new benchmark full partial) 
126295	   # Minimum B  Lower 95% confidence interval for spawning biomass in assessment year 
157974	   # Maximum B  Upper 95% confidence interval for spawning biomass in assessment year 
62449	   # BMSY  is equilibrium spawning biomass at MSY (Tiers 1-2) or 7/8 x B40% (Tier 3) 
SS      # MODEL - Required only if NMFS toolbox software used; optional otherwise 
SS-V3.23  # VERSION - Required only if NMFS toolbox software used; optional otherwise 
1 # number of sexes  if 1 sex=ALL elseif 2 sex=(FEMALE, MALE) 
2  # number of fisheries 
1000    # multiplier for recruitment, N at age, and survey number (1,1000,1000000)
0      # recruitment age used by model 
0      # age+ used for biomass estimate 
"single age"  # Fishing mortality type such as "Single age" or "exploitation rate"
"Model"    # Fishing mortality source such as Model or "(total catch (t))/(survey biomass (t))"
"Age of maximum F"  # Fishing mortality range such as "Age of maximum F"
#FISHERYDESC -list of fisheries (ALL TWL LGL POT FIX FOR DOM TWLJAN LGLMAY POTAUG ...) 
LGL TWL 
#FISHERYYEAR -list years used in model 
1950 1951 1952 1953 1954 1955 1956 1957 1958 1959 1960 1961 1962 1963 1964 1965 1966 1967 1968 1969 1970 1971 1972 1973 1974 1975 1976 1977 1978 1979 1980 1981 1982 1983 1984 1985 1986 1987 1988 1989 1990 1991 1992 1993 1994 1995 1996 1997 1998 1999 2000 2001 2002 2003 2004 2005 2006 2007 2008 2009 2010 2011 2012 2013 2014 2015	2016	2017	2018	2019	2020
#AGE -list ages used in model 
0	1	2	3	4	5	6	7	8	9	10	11	12	13	14	15	16	17	18	19	20	21	22	23	24	25
#RECRUITMENT -Number of recruits by year (see multiplier above) 
21248	21060	20853	20625	20377	20106	19815	19506	19180	18841	18493	18141	17788	17439	17096	16766	16460	16186	15939	15709	15475	15246	15063	14965	15003	15240	15804	16903	18894	22391	28476	39189	49743	36851	28292	23813	21609	20828	20859	21485	22728	22880	20012	20306	25614	31237	26825	29491	31779	33494	35791	30204	27631	34329	42135	40215	44607	35121	44573	38130	33168	28536	26366	19980	16850	15346	19526	26107	22687	24879	24879
#SPAWNBIOMASS -Spawning biomass by year (see mt multiplier above) 
167140	167140	167140	167140	167140	167140	167140	167140	167140	166384	165121	163473	161499	159334	157081	154692	152075	149481	146438	140797	136997	132377	128204	124138	113914	103145	93441	88163	81637	71989	65920	60799	56157	54289	53346	53870	54875	57015	60723	66189	75591	89058	101415	109946	116686	119874	120340	119710	116818	113353	111393	108067	104546	101572	100387	99417	99209	100658	103702	107675	110996	114519	117124	120910	124553	129516	133266	137373	139844	140636	142134
#TOTALBIOMASS -Total biomass by year (see mt multiplier above and age+ above) 
563723	563476	562966	561998	560330	557725	554037	549256	543514	536956	529779	522468	514989	507430	499841	491899	483240	474639	464659	446598	434638	420387	407857	396031	364936	332727	304570	291339	274566	247860	233928	224773	219098	225675	238578	260340	286093	316309	348980	378656	407742	430987	443466	443019	442927	438760	432863	429018	421821	415372	416127	415966	417512	419826	424706	430390	436739	446870	460684	476149	492008	512232	527015	539561	546947	551050	550085	541841	526621	506899	492957
#TOTFSHRYMORT -Fishing mortality rate by year 
0.000	0.000	0.000	0.000	0.000	0.000	0.000	0.000	0.000	0.000	0.000	0.000	0.000	0.000	0.001	0.002	0.002	0.006	0.025	0.012	0.019	0.016	0.016	0.073	0.086	0.086	0.044	0.065	0.119	0.082	0.076	0.080	0.042	0.034	0.017	0.021	0.017	0.012	0.016	0.006	0.006	0.016	0.033	0.024	0.028	0.029	0.025	0.036	0.040	0.029	0.037	0.040	0.044	0.043	0.044	0.045	0.039	0.035	0.033	0.033	0.025	0.034	0.035	0.038	0.036	0.035	0.039	0.043	0.045	0.030	0.031
#TOTALCATCH -Total catch by year (see mt multiplier above) 
0	0	0	0	0	0	0	0	69	177	0	0	0	0	347	1078	1054	2504	10791	5055	7722	6469	6293	26326	28694	26084	12599	17649	29435	18816	16888	17056	8786	7427	4067	5488	4976	4068	5730	2340	2697	7618	15401	11101	12915	13522	11479	15991	17278	12606	16417	17535	19514	19273	20200	21066	18254	15866	15699	16716	13122	18773	19629	22051	21211	21261	23115	24634	24640	15510	15539
#FISHERYMORT -Fishing mortality rates by year (a line for each fishery) only if multiple fisheries
0.000	0.000	0.000	0.000	0.000	0.000	0.000	0.000	0.000	0.000	0.000	0.000	0.000	0.000	0.000	0.000	0.000	0.001	0.004	0.002	0.003	0.002	0.004	0.009	0.012	0.011	0.006	0.010	0.016	0.012	0.023	0.024	0.013	0.010	0.005	0.007	0.005	0.004	0.005	0.002	0.002	0.016	0.031	0.022	0.026	0.028	0.024	0.034	0.038	0.028	0.037	0.039	0.044	0.043	0.044	0.047	0.039	0.023	0.025	0.023	0.017	0.030	0.031	0.035	0.036	0.038	0.042	0.044	0.043	0.022	0.026
0.000	0.000	0.000	0.000	0.000	0.000	0.000	0.000	0.000	0.000	0.000	0.000	0.000	0.000	0.001	0.002	0.002	0.005	0.023	0.011	0.017	0.016	0.014	0.070	0.082	0.082	0.042	0.061	0.113	0.078	0.062	0.066	0.034	0.028	0.014	0.017	0.014	0.010	0.013	0.005	0.005	0.003	0.007	0.005	0.006	0.006	0.006	0.008	0.009	0.006	0.008	0.009	0.010	0.010	0.010	0.009	0.009	0.017	0.014	0.017	0.012	0.012	0.011	0.011	0.008	0.005	0.005	0.006	0.009	0.012	0.009
#FISHERYCATCH -Catches by year (a line for each fishery) only if multiple fisheries
0	0	0	0	0	0	0	0	8	21	0	0	0	0	43	150	130	537		1539	690		1220	856		1377	3264	3700	3348	1702	2559	3864	2609	4578	4503	2349	1971	1072	1443	1301	1062	1443	588		688		6246	12586	9072	10554	11050	9381	13059	14100	10288	13362	14244	15943	15580	16308	17661	14907	8973	10032	9503	7514	13318	14382	16483	17376	18833	20813	21604	20348	10057	11819	# LGL
0	0	0	0	0	0	0	0	61	156	0	0	0	0	304	928	924	1967	9252	4365	6502	5613	4916	23062	24994	22736	10897	15090	25571	16207	12310	12553	6437	5456	2995	4045	3675	3006	4287	1752	2009	1372	2815	2029	2361	2472	2098	2932	3178	2318	3055	3291	3571	3693	3892	3405	3347	6893	5667	7213	5608	5455	5247	5568	3835	2428	2302	3030	4292	5453	3720	# TWL
#MATURITY -Maturity ratio by age
0.000	0.000	0.000	0.000	0.000	0.000	0.005	0.026	0.083	0.187	0.331	0.487	0.624	0.727	0.797	0.843	0.871	0.890	0.902	0.909	0.914	0.918	0.920	0.922	0.923	0.924
#SPAWNWT -Average Spawning weight (in kg) by age
0.030	0.075	0.176	0.375	0.727	1.274	2.016	2.903	3.845	4.749	5.547	6.204	6.719	7.107	7.390	7.593	7.737	7.837	7.907	7.955	7.989	8.012	8.027	8.038	8.045	8.052
#NATMORT -Natural mortality rate by age (a line for each sex)
0.13 0.13 0.13 0.13 0.13 0.13 0.13 0.13 0.13 0.13 0.13 0.13 0.13 0.13 0.13 0.13 0.13 0.13 0.13 0.13 0.13 0.13 0.13 0.13 0.13 0.13  # Season 1
#N_AT_AGE -N at age by age (see number multiplier above)(a line for each sex)
24879	21846	17467	17589	11472	7823	7401	7497	8379	7630	7432	7155	7006	4632	4946	3758	3328	2296	1565	1444	1439	1128	895	695	529	2681
#FSHRY_WT_KG -Fishery weight at age (in kg) first FEMALES/ALL (a line for each fishery) then MALES (a line for each fishery)
0.055	0.174	0.507	1.033	1.648	2.302	2.987	3.713	4.472	5.226	5.912	6.483	6.928	7.260	7.500	7.671	7.792	7.875	7.934	7.974	8.001	8.020	8.033	8.042	8.048	8.054	# LGL
0.090	0.218	0.438	0.752	1.171	1.739	2.487	3.370	4.277	5.102	5.795	6.343	6.763	7.075	7.303	7.467	7.584	7.667	7.725	7.765	7.792	7.811	7.824	7.833	7.840	7.845	# TWL
#SELECTIVITY -Fishery selectivity first FEMALES/ALL (a line for each fishery) then MALES (a line for each fishery)
0.000	0.010	0.023	0.068	0.182	0.374	0.601	0.796	0.918	0.974	0.994	0.999	1.000	1.000	1.000	1.000	1.000	1.000	1.000	1.000	1.000	1.000	1.000	1.000	1.000	1.000	# LGL
0.000	0.102	0.250	0.487	0.734	0.902	0.976	0.995	0.993	0.984	0.968	0.947	0.924	0.900	0.880	0.863	0.851	0.841	0.835	0.830	0.827	0.824	0.823	0.822	0.821	0.820	# TWL
# set of survey names - none EBS_trawl_biomass_mtons BS_slope_trawl_biomass_mtons AI_trawl_biomass_mtons GOA_trawl_biomass_mtons Acoustic_trawl_biomass_mtons AFSC_longline_relative_numbers Coop_longline_relative_numbers not_listed
#SURVEYDESC
EBS_trawl_biomass_mtons
#SURVEYMULT
1  # survey units multipliers
#EBS_trawl_biomass_mtons
1982 	1984 	1985 	1986 	1987 	1988 	1989 	1990 	1991 	1992 	1993 	1994 	1995 	1996 	1997 	1998 	1999 	2000 	2001 	2002 	2003 	2004 	2005 	2006 	2007 	2008 	2009 	2010 	2011 	2012 	2013 	2014	2015	2016	2017	2018	2019	#years
166457	188482	163239	253342	337865	349786	392634	457619	429660	378474	368769	383556	342536	400012	396800	350056	323240	311977	414539	364004	372379	424808	487046	437737	479043	361300	350233	366186	410340	369881	386816	404380	448224	550892	544657	545994	491109	#biomass
#STOCKNOTES
"SAFE report indicates that this stock was not subjected to overfishing in 2019 and is neither overfished nor approaching a condition of being overfished in 2020."  
