#C data file for model 14.2 run in October 2020 (i.e. 14.2 with new data thru 2020)
1950#_styr
2020#_endyr
1 #_nseas
12 #_months/season
1 #_spawn_seas
2 #_Nfleet
1 #_Nsurveys
1 #_N_areas
LGL%TWL%SURV
 0.5 0.5 0.5 #_surveytiming_in_season
 1 1 1 #_area_assignments_for_each_fishery_and_survey
 1 1 #_units of catch:  1=bio; 2=num
 0.01 0.01 #_se of log(catch) only used for init_eq_catch and for Fmethod 2 and 3
1 #_Ngenders
25 #_Nages
0 0 #_init_equil_catch_for_each_fishery
67 #_N_lines_of_catch_to_read
#_catch_biomass(mtons):_columns_are_LGL then TWL, then year and season
0		0		1954	1
0		0		1955	1
0		0		1956	1
0		0		1957	1
8		61		1958	1
21		156		1959	1
0		0		1960	1
0		0		1961	1
0		0		1962	1
0		0		1963	1
43		304		1964	1
150		928		1965	1
130		924		1966	1
537		1967	1967	1
1539	9252	1968	1
690		4365	1969	1
1220	6502	1970	1
856		5613	1971	1
1377	4916	1972	1
3264	23062	1973	1
3700	24994	1974	1
3348	22736	1975	1
1702	10897	1976	1
2559	15090	1977	1
3864	25571	1978	1
2609	16207	1979	1
4578	12310	1980	1
4503	12553	1981	1
2349	6437	1982	1
1971	5456	1983	1
1072	2995	1984	1
1443	4045	1985	1
1301	3675	1986	1
1062	3006	1987	1
1443	4287	1988	1
588		1752	1989	1
688		2009	1990	1
6246	1372	1991	1
12586	2815	1992	1
9072	2029	1993	1
10554	2361	1994	1
11050	2472	1995	1
9381	2098	1996	1
13059	2932	1997	1
14100	3178	1998	1
10288	2318	1999	1
13362	3055	2000	1
14244	3291	2001	1
15943	3571	2002	1
15580	3693	2003	1
16308	3892	2004	1
17661	3405	2005	1
14907	3347	2006	1
8973	6893	2007	1
10032	5667	2008	1
9503	7213	2009	1
7514	5608	2010	1
13318	5455	2011	1
14382	5247	2012	1
16483	5568	2013	1
17376	3835	2014	1
18833	2428	2015	1
20813	2302	2016	1
21604	3030	2017	1
20348	4292	2018	1
10057	5453	2019	1
11819	3720	2020	1
#
#
37 #_N_cpue_and_surveyabundance_observations
#_Units:  0=numbers; 1=biomass; 2=F
#_Errtype:  -1=normal; 0=lognormal; >0=T
#
#_Fleet Units   Errtype
1       1       0 # LGL
2       1       0 # TWL
3       1       0 # SURV
#
#_year seas index obs err
1982	1	3	166457	0.096
1984	1	3	188482	0.079
1985	1	3	163239	0.131
1986	1	3	253342	0.141
1987	1	3	337865	0.088
1988	1	3	349786	0.117
1989	1	3	392634	0.077
1990	1	3	457619	0.111
1991	1	3	429660	0.085
1992	1	3	378474	0.089
1993	1	3	368769	0.066
1994	1	3	383556	0.078
1995	1	3	342536	0.079
1996	1	3	400012	0.058
1997	1	3	396800	0.066
1998	1	3	350056	0.053
1999	1	3	323240	0.169
2000	1	3	311977	0.056
2001	1	3	414539	0.059
2002	1	3	364004	0.066
2003	1	3	372379	0.052
2004	1	3	424808	0.048
2005	1	3	487046	0.051
2006	1	3	437737	0.052
2007	1	3	479043	0.069
2008	1	3	361300	0.056
2009	1	3	350233	0.064
2010	1	3	366186	0.062
2011	1	3	410340	0.050
2012	1	3	369881	0.061
2013	1	3	386816	0.063
2014	1	3	404380	0.051
2015	1	3	448224	0.056
2016	1	3	550892	0.042
2017	1	3	544657	0.071
2018	1	3	545994	0.048
2019	1	3	491109	0.049
#
0 #_N_fleets_with_discard
#_discard_units (1=same_as_catchunits(bio/num); 2=fraction; 3=numbers)
#_discard_errtype:  >0 for DF of T-dist(read CV below); 0 for normal with CV; -1 for normal with se; -2 for lognormal
#Fleet Disc_units err_type
0 #N discard obs
#_year seas index obs err
#
0 #_N_meanbodywt_obs
30 #_DF_for_meanbodywt_T-distribution_like
#
2 # length bin method: 1=use databins; 2=generate from binwidth,min,max below; 3=read vector
2 # binwidth for population size comp 
4 # minimum size in the population (lower edge of first bin and size at age 0.00) 
132 # maximum size in the population (lower edge of last bin) 
#
0 #_comp_tail_compression
1e-007 #_add_to_comp
0 #_combine males into females at or below this bin number
33 #_N_LengthBins
4	8	12	16	20	24	28	32	36	40	44	48	52	56	60	64	68	72	76	80	84	88	92	96	100	104	108	112	116	120	124	128	132
42 #_N_Length_obs
#Yr Seas Flt/Svy Gender Part Nsamp datavector(female-male)
2009	1	1	0	0	67	0.000	0.000	0.000	0.000	0.000	0.000	0.000	0.001	0.001	0.003	0.006	0.011	0.020	0.025	0.034	0.044	0.058	0.063	0.068	0.068	0.067	0.081	0.094	0.124	0.119	0.067	0.030	0.009	0.005	0.001	0.001	0.000	0.000
2010	1	1	0	0	65	0.000	0.000	0.000	0.000	0.000	0.000	0.000	0.001	0.001	0.002	0.006	0.014	0.024	0.032	0.046	0.056	0.069	0.070	0.062	0.071	0.067	0.071	0.090	0.103	0.104	0.057	0.028	0.013	0.006	0.004	0.001	0.000	0.000
2011	1	1	0	0	72	0.000	0.000	0.000	0.000	0.000	0.000	0.000	0.000	0.001	0.003	0.007	0.014	0.020	0.027	0.041	0.050	0.064	0.077	0.074	0.077	0.076	0.082	0.095	0.112	0.106	0.049	0.018	0.004	0.001	0.001	0.000	0.000	0.000
2012	1	1	0	0	77	0.000	0.000	0.000	0.000	0.000	0.001	0.003	0.007	0.010	0.013	0.018	0.021	0.025	0.030	0.041	0.053	0.068	0.072	0.072	0.080	0.077	0.087	0.094	0.098	0.078	0.034	0.013	0.003	0.001	0.001	0.000	0.000	0.000
2013	1	1	0	0	85	0.000	0.000	0.000	0.000	0.000	0.000	0.000	0.000	0.001	0.002	0.003	0.008	0.013	0.022	0.031	0.038	0.056	0.069	0.079	0.093	0.097	0.105	0.115	0.117	0.089	0.040	0.013	0.003	0.002	0.001	0.000	0.000	0.000
2014	1	1	0	0	87	0.000	0.000	0.000	0.000	0.000	0.000	0.001	0.002	0.002	0.004	0.005	0.008	0.014	0.021	0.033	0.040	0.055	0.063	0.071	0.083	0.087	0.107	0.125	0.121	0.094	0.043	0.015	0.004	0.001	0.001	0.000	0.000	0.000
2015	1	1	0	0	88	0.000	0.000	0.000	0.000	0.000	0.000	0.000	0.000	0.000	0.001	0.003	0.006	0.011	0.017	0.030	0.039	0.055	0.059	0.064	0.075	0.081	0.097	0.125	0.135	0.115	0.052	0.019	0.006	0.003	0.003	0.001	0.001	0.001
2016	1	1	0	0	80	0.000	0.000	0.000	0.000	0.000	0.000	0.001	0.001	0.003	0.005	0.006	0.010	0.015	0.019	0.028	0.038	0.047	0.053	0.058	0.063	0.075	0.090	0.126	0.148	0.121	0.062	0.022	0.005	0.003	0.001	0.001	0.000	0.000
2017	1	1	0	0	79	0.000	0.000	0.000	0.000	0.000	0.000	0.001	0.001	0.002	0.006	0.009	0.019	0.023	0.022	0.022	0.026	0.038	0.046	0.053	0.062	0.068	0.087	0.125	0.153	0.135	0.066	0.024	0.007	0.003	0.002	0.001	0.000	0.000
2018	1	1	0	0	77	0.000	0.000	0.000	0.000	0.000	0.000	0.000	0.001	0.002	0.004	0.008	0.016	0.023	0.022	0.028	0.033	0.046	0.056	0.062	0.078	0.081	0.097	0.114	0.130	0.113	0.052	0.018	0.007	0.005	0.002	0.001	0.000	0.000
2019	1	1	0	0	82	0.000	0.000	0.000	0.000	0.000	0.003	0.004	0.004	0.004	0.006	0.009	0.016	0.020	0.022	0.024	0.025	0.038	0.043	0.049	0.056	0.064	0.080	0.121	0.164	0.149	0.072	0.020	0.006	0.003	0.001	0.000	0.000	0.000
2009	1	2	0	0	56	0.000	0.000	0.000	0.001	0.003	0.011	0.024	0.034	0.051	0.063	0.064	0.056	0.051	0.044	0.043	0.048	0.049	0.048	0.041	0.052	0.044	0.059	0.059	0.056	0.049	0.029	0.010	0.006	0.002	0.001	0.000	0.000	0.000
2010	1	2	0	0	61	0.000	0.000	0.001	0.002	0.004	0.011	0.018	0.031	0.037	0.053	0.055	0.050	0.042	0.041	0.043	0.048	0.056	0.053	0.049	0.054	0.054	0.056	0.069	0.068	0.055	0.029	0.013	0.004	0.003	0.001	0.000	0.000	0.000
2011	1	2	0	0	56	0.000	0.000	0.000	0.000	0.002	0.012	0.020	0.026	0.034	0.049	0.059	0.052	0.047	0.040	0.038	0.039	0.053	0.060	0.059	0.059	0.053	0.060	0.069	0.068	0.058	0.025	0.010	0.002	0.002	0.001	0.000	0.000	0.000
2012	1	2	0	0	50	0.000	0.000	0.000	0.000	0.002	0.003	0.010	0.011	0.017	0.034	0.042	0.052	0.049	0.043	0.044	0.046	0.054	0.069	0.070	0.080	0.071	0.077	0.073	0.069	0.051	0.022	0.008	0.002	0.000	0.000	0.000	0.000	0.001
2013	1	2	0	0	61	0.000	0.000	0.000	0.000	0.001	0.006	0.009	0.010	0.020	0.039	0.047	0.050	0.051	0.045	0.042	0.043	0.050	0.055	0.058	0.068	0.069	0.080	0.081	0.077	0.058	0.029	0.007	0.002	0.001	0.001	0.000	0.000	0.000
2014	1	2	0	0	54	0.000	0.000	0.000	0.000	0.001	0.007	0.012	0.015	0.020	0.031	0.031	0.040	0.041	0.046	0.050	0.046	0.054	0.060	0.051	0.070	0.076	0.087	0.089	0.086	0.055	0.021	0.005	0.002	0.001	0.000	0.000	0.000	0.000
2015	1	2	0	0	45	0.000	0.000	0.001	0.002	0.003	0.010	0.015	0.032	0.040	0.049	0.046	0.055	0.048	0.043	0.042	0.047	0.052	0.049	0.040	0.061	0.061	0.065	0.083	0.074	0.053	0.021	0.005	0.002	0.001	0.000	0.000	0.001	0.001
2016	1	2	0	0	45	0.000	0.000	0.000	0.001	0.003	0.007	0.012	0.015	0.024	0.026	0.028	0.042	0.038	0.036	0.048	0.046	0.056	0.056	0.050	0.056	0.063	0.076	0.099	0.102	0.066	0.028	0.012	0.004	0.002	0.000	0.000	0.001	0.000
2017	1	2	0	0	56	0.000	0.000	0.001	0.001	0.003	0.007	0.007	0.017	0.015	0.027	0.031	0.045	0.043	0.042	0.046	0.044	0.051	0.059	0.058	0.059	0.061	0.078	0.090	0.092	0.069	0.037	0.012	0.004	0.000	0.000	0.000	0.000	0.000
2018	1	2	0	0	53	0.000	0.000	0.000	0.000	0.002	0.022	0.030	0.023	0.021	0.022	0.019	0.026	0.027	0.028	0.030	0.038	0.046	0.051	0.051	0.057	0.062	0.079	0.102	0.112	0.091	0.039	0.016	0.003	0.001	0.000	0.000	0.000	0.000
2019	1	2	0	0	49	0.000	0.000	0.000	0.001	0.003	0.017	0.025	0.026	0.024	0.018	0.018	0.020	0.024	0.025	0.034	0.042	0.053	0.059	0.057	0.074	0.075	0.082	0.101	0.098	0.073	0.036	0.011	0.002	0.001	0.000	0.000	0.000	0.000
2000	1	3	0	0	200	0.000	0.000	0.000	0.000	0.005	0.035	0.044	0.037	0.048	0.047	0.046	0.055	0.062	0.061	0.061	0.042	0.036	0.036	0.028	0.039	0.031	0.037	0.054	0.074	0.065	0.040	0.013	0.002	0.000	0.000	0.000	0.000	0.002
2001	1	3	0	0	200	0.000	0.000	0.000	0.000	0.010	0.031	0.045	0.045	0.042	0.044	0.049	0.043	0.052	0.047	0.057	0.047	0.048	0.047	0.039	0.033	0.028	0.038	0.067	0.074	0.071	0.029	0.013	0.002	0.000	0.000	0.000	0.000	0.000
2002	1	3	0	0	200	0.000	0.000	0.000	0.001	0.008	0.026	0.035	0.048	0.049	0.052	0.055	0.052	0.062	0.053	0.047	0.041	0.049	0.043	0.043	0.030	0.027	0.046	0.056	0.070	0.058	0.030	0.012	0.005	0.000	0.001	0.000	0.000	0.000
2003	1	3	0	0	200	0.000	0.000	0.001	0.000	0.005	0.027	0.023	0.038	0.036	0.043	0.047	0.083	0.049	0.039	0.043	0.040	0.053	0.042	0.047	0.048	0.039	0.046	0.056	0.080	0.061	0.037	0.012	0.003	0.000	0.000	0.000	0.000	0.000
2004	1	3	0	0	200	0.000	0.000	0.000	0.000	0.003	0.015	0.024	0.026	0.029	0.044	0.050	0.059	0.068	0.053	0.055	0.044	0.052	0.048	0.052	0.041	0.044	0.048	0.061	0.074	0.069	0.030	0.008	0.003	0.000	0.000	0.000	0.000	0.001
2005	1	3	0	0	200	0.000	0.000	0.000	0.000	0.005	0.019	0.021	0.028	0.036	0.043	0.052	0.054	0.051	0.060	0.061	0.051	0.044	0.048	0.041	0.041	0.041	0.053	0.054	0.066	0.071	0.041	0.012	0.002	0.001	0.000	0.000	0.000	0.000
2006	1	3	0	0	200	0.000	0.000	0.000	0.000	0.004	0.026	0.025	0.031	0.031	0.041	0.047	0.052	0.049	0.054	0.057	0.056	0.050	0.050	0.050	0.039	0.046	0.040	0.063	0.071	0.064	0.040	0.012	0.002	0.000	0.000	0.000	0.000	0.000
2007	1	3	0	0	200	0.000	0.000	0.000	0.000	0.008	0.029	0.019	0.027	0.038	0.051	0.046	0.058	0.050	0.054	0.049	0.060	0.057	0.052	0.045	0.046	0.037	0.043	0.065	0.063	0.059	0.030	0.011	0.004	0.001	0.000	0.000	0.000	0.000
2008	1	3	0	0	200	0.000	0.000	0.000	0.001	0.004	0.017	0.018	0.025	0.036	0.046	0.056	0.054	0.062	0.063	0.060	0.061	0.049	0.050	0.051	0.047	0.043	0.047	0.057	0.059	0.056	0.026	0.009	0.001	0.000	0.000	0.000	0.000	0.000
2009	1	3	0	0	200	0.000	0.000	0.000	0.000	0.010	0.021	0.020	0.032	0.042	0.050	0.053	0.052	0.061	0.064	0.068	0.057	0.050	0.052	0.045	0.048	0.043	0.046	0.051	0.057	0.048	0.022	0.006	0.000	0.000	0.000	0.000	0.000	0.000
2010	1	3	0	0	200	0.000	0.000	0.000	0.001	0.003	0.016	0.016	0.016	0.027	0.035	0.045	0.039	0.048	0.053	0.053	0.060	0.067	0.058	0.057	0.056	0.063	0.059	0.073	0.074	0.048	0.025	0.007	0.001	0.000	0.000	0.000	0.000	0.000
2011	1	3	0	0	200	0.000	0.000	0.000	0.000	0.004	0.015	0.021	0.026	0.027	0.040	0.054	0.061	0.062	0.060	0.064	0.061	0.060	0.061	0.053	0.048	0.048	0.047	0.055	0.059	0.048	0.018	0.006	0.001	0.000	0.000	0.000	0.000	0.000
2012	1	3	0	0	200	0.001	0.000	0.000	0.000	0.004	0.009	0.015	0.017	0.020	0.029	0.043	0.049	0.056	0.057	0.057	0.060	0.059	0.068	0.069	0.065	0.048	0.067	0.066	0.066	0.049	0.019	0.005	0.001	0.000	0.000	0.000	0.000	0.001
2013	1	3	0	0	200	0.000	0.000	0.000	0.000	0.003	0.012	0.012	0.020	0.027	0.031	0.042	0.047	0.065	0.060	0.055	0.056	0.051	0.062	0.066	0.064	0.054	0.062	0.068	0.071	0.043	0.023	0.005	0.001	0.000	0.000	0.000	0.000	0.000
2014	1	3	0	0	200	0.000	0.000	0.000	0.000	0.003	0.008	0.017	0.014	0.027	0.027	0.034	0.046	0.041	0.054	0.064	0.057	0.065	0.064	0.055	0.052	0.058	0.078	0.088	0.071	0.046	0.022	0.005	0.002	0.000	0.000	0.000	0.000	0.000
2015	1	3	0	0	200	0.000	0.000	0.000	0.000	0.006	0.014	0.016	0.015	0.017	0.025	0.026	0.036	0.038	0.049	0.049	0.059	0.060	0.055	0.055	0.051	0.065	0.071	0.094	0.086	0.070	0.033	0.008	0.001	0.001	0.000	0.000	0.000	0.000
2016	1	3	0	0	200	0.000	0.000	0.000	0.000	0.003	0.006	0.008	0.011	0.013	0.018	0.026	0.030	0.035	0.040	0.041	0.058	0.051	0.051	0.052	0.057	0.069	0.084	0.114	0.104	0.082	0.034	0.009	0.002	0.000	0.000	0.000	0.000	0.000
2017	1	3	0	0	200	0.000	0.000	0.000	0.000	0.003	0.007	0.007	0.009	0.014	0.016	0.019	0.022	0.029	0.036	0.042	0.047	0.056	0.054	0.063	0.071	0.066	0.080	0.110	0.116	0.079	0.039	0.013	0.003	0.001	0.000	0.000	0.000	0.000
2018	1	3	0	0	200	0.000	0.000	0.000	0.000	0.004	0.021	0.020	0.017	0.024	0.029	0.026	0.030	0.033	0.035	0.034	0.045	0.048	0.056	0.060	0.054	0.060	0.067	0.090	0.105	0.088	0.040	0.010	0.003	0.000	0.000	0.000	0.000	0.000
2019	1	3	0	0	200	0.000	0.000	0.000	0.000	0.005	0.017	0.010	0.014	0.020	0.021	0.025	0.027	0.023	0.024	0.035	0.035	0.045	0.054	0.051	0.064	0.065	0.069	0.102	0.116	0.113	0.047	0.013	0.004	0.000	0.000	0.000	0.000	0.000
#
21 #_N_age_bins
1	2	3  4  5  6  7  8  9  10  11  12  13  14  15  16  17  18  19  20	25
1 #_N_ageerror_definitions
0.5		1.5		2.5		3.5		4.5		5.5		6.5		7.5		8.5		9.5		10.5	11.5	12.5	13.5	14.5	15.5	16.5	17.5	18.5	19.5	20.5	21.5	22.5	23.5	24.5	25.5
0.000	0.000	0.000	0.213	0.433	0.293	0.465	0.576	0.642	0.612	0.780	0.819	0.914	0.897	1.192	1.423	1.684	1.684	1.684	1.684	1.684	1.684	1.684	1.684	1.684	1.684
#
0 #_N_Agecomp_obs
1 #_Lbin_method: 1=poplenbins; 2=datalenbins; 3=lengths
1 #_combine males into females at or below this bin number
#Yr Seas Flt/Svy Gender Part Ageerr Lbin_lo Lbin_hi Nsamp datavector(female-male)
#
#
5 #_N_MeanSize-at-Age_obs
#Yr Seas Flt/Svy Gender Part Ageerr Ignore datavector sample size vector (data and N samp corespond to age bins)
2003	1	3	0	0	1	2	31.8	37.2	47.3	53.7	64.0	67.4	76.1	81.8	88.4	93.5	103.5	101.5	102.8	106.0	110.0	101.0	111.0	-1.0	-1.0	-1.0	-1.0	12	12	13	11	14	12	11	13	16	12	8	10	5	4	5	4	1	0	0	0	0
2007	1	3	0	0	1	2	29.9	38.4	42.3	48.7	55.6	62.7	70.1	72.0	83.8	89.3	92.0	99.3	97.8	105.5	103.0	107.8	-1.0	104.0	-1.0	110.0	-1.0	22	13	15	14	24	19	17	13	15	24	14	18	13	6	3	4	0	2	0	1	0
2008	1	3	0	0	1	2	30.4	37.2	42.1	47.6	55.2	62.1	68.5	79.0	87.7	93.4	97.4	100.0	101.3	99.3	100.0	-1.0	-1.0	-1.0	-1.0	-1.0	-1.0	9	11	7	14	20	18	15	21	15	7	8	6	6	6	2	0	0	0	0	0	0
2009	1	3	0	0	1	2	30.0	37.4	43.5	50.0	55.8	63.4	70.6	79.8	83.9	91.9	97.1	100.7	100.5	101.2	104.0	104.0	-1.0	-1.0	-1.0	-1.0	-1.0	6	16	21	32	27	29	30	39	35	27	29	14	15	6	3	1	0	0	0	0	0
2015	1	3	0	0	1	2	32.4	38.6	45.4	53.7	59.7	67.0	73.1	80.3	88.0	94.2	98.1	99.6	100.9	100.7	-1		-1		-1		-1		-1		-1		-1		11	8	17	18	24	28	38	26	33	25	32	31	16	3	0	0	0	0	0	0	0
#
#
0 #_N_environ_variables
0 #_N_environ_obs
0 # N sizefreq methods to read 
#
0 # no tag data 
#
0 # no morphcomp data 
#
999
#
