Model_Proj.dat
 0 # SSL Species???
 0 # Constant Buffer Dorn
2 # Number of fisheries
1 # Number of Sexes
0.04450206 # 5 year average F
1 # Author f
0.4 # SPR ABC
0.35 # SPR MSY
6 # Spawning month
26 # number of ages
1 # Fratio
# natural mortality
0.13 0.13 0.13 0.13 0.13 0.13 0.13 0.13 0.13 0.13 0.13 0.13 0.13 0.13 0.13 0.13 0.13 0.13 0.13 0.13 0.13 0.13 0.13 0.13 0.13 0.13
# Maturity females
1 1 1 1 1 1 1 1 1 1 1 1 1 1 1 1 1 1 1 1 1 1 1 1 1 1
# wt spawn females
0.0357 0.0856 0.1919 0.3968 0.7495 1.2865 2.008 2.8673 3.7835 4.6704 5.462 6.1238 6.6499 7.0522 7.3512 7.569 7.7252 7.8361 7.9143 7.9692 8.0075 8.0342 8.0528 8.0656 8.0746 8.0834
# WtAge females by fishery
0.0835 0.1896 0.3911 0.7222 1.1958 1.8059 2.5402 3.3698 4.2305 5.0387 5.7327 6.292 6.7251 7.052 7.2945 7.4718 7.5998 7.6913 7.7562 7.8019 7.8339 7.8563 7.8719 7.8828 7.8903 7.8976
# Selectivity by fishery
0 0.1558 0.2686 0.4295 0.6176 0.7899 0.9097 0.9703 0.9892 0.9872 0.9752 0.9573 0.9361 0.9146 0.8953 0.8792 0.8666 0.8572 0.8504 0.8454 0.8419 0.8395 0.8377 0.8365 0.8357 0.8349
# Numbers at age females males
23811.6 30351.4 21964.7 27245.7 14069.4 9058.68 8873.12 6891.64 5237.03 5385.23 5251.25 5339.2 4535.73 4434.39 4249.63 3772.85 2635.7 2866.07 2132.9 1865.96 1333.03 916.704 824.348 815.346 607.258 2647.12
# No Recruitments
60
# Recruitment
16442.8 16113.1 15810.1 15535.2 15276.4 15036.9 14803.2 14594.2 14439.5 14355.9 14420.8 14717.1 15389.8 16621.2 18756.7 22403.2 28519.2 38343 43743.9 33787.3 26716.8 22884.8 21027.5 20436.6 20460.2 20844 21692.6 21528.2 18765.1 19266 24584.6 29937.5 25902.7 29325.9 30441.6 31001.5 34805.8 29528.2 27651 33946.1 40144.6 38739.1 43871.2 33909.8 40736.5
38444.1 33611.2 28816.2 28477.9 23563.6 20385.4 16766.6 18715.5 20530.7 17972.2 24113.2 40606.5 28581.5 34565 23811.6
# SSB 1964-2023
301853 297343 292329 287318 281371 270178 262672 253512 245251 237213 216801 195323 176025 165646 152800 133733 121837 111833 102775 99222.7 97487 98618.6 100659 104903 112192 122795 140619 164286 186131 201069 213259 219206 220361 219672 214547 208080 204334 197812 190830 184700 181807 179577 179070 181590 187234
194839 201781 208996 214769 222360 229607 239464 247150 254639 259898 262592 266812 268549 265673 253708
